{
  "cells": [
    {
      "cell_type": "code",
      "execution_count": 58,
      "metadata": {
        "id": "ZOKpAa7cAyZ7"
      },
      "outputs": [],
      "source": [
        "import os\n",
        "import pandas as pd\n",
        "import numpy as np\n",
        "import seaborn as sns\n",
        "import matplotlib.pyplot as plt\n",
        "\n",
        "from sklearn.impute import SimpleImputer\n",
        "\n",
        "from sklearn.ensemble import GradientBoostingClassifier\n",
        "from sklearn.ensemble import RandomForestClassifier\n",
        "\n",
        "from sklearn.model_selection import GridSearchCV\n",
        "\n",
        "from sklearn.preprocessing import StandardScaler\n",
        "from sklearn.model_selection import train_test_split\n",
        "from sklearn.metrics import accuracy_score\n",
        "from sklearn.tree import DecisionTreeClassifier"
      ]
    },
    {
      "cell_type": "code",
      "execution_count": 59,
      "metadata": {
        "id": "-z6fgKmBDcrx"
      },
      "outputs": [],
      "source": [
        "# load the training dataset\n",
        "train_p2 = pd.read_csv('/content/CE802_P2_Data.csv')"
      ]
    },
    {
      "cell_type": "code",
      "execution_count": 60,
      "metadata": {
        "colab": {
          "base_uri": "https://localhost:8080/"
        },
        "id": "_qhszprCDcrx",
        "outputId": "c30ee600-55c2-434b-caf1-a6eb8ee16694"
      },
      "outputs": [
        {
          "output_type": "execute_result",
          "data": {
            "text/plain": [
              "F1         0\n",
              "F2         0\n",
              "F3         0\n",
              "F4         0\n",
              "F5         0\n",
              "F6         0\n",
              "F7         0\n",
              "F8         0\n",
              "F9         0\n",
              "F10        0\n",
              "F11        0\n",
              "F12        0\n",
              "F13        0\n",
              "F14        0\n",
              "F15        0\n",
              "F16        0\n",
              "F17        0\n",
              "F18        0\n",
              "F19        0\n",
              "F20      500\n",
              "Class      0\n",
              "dtype: int64"
            ]
          },
          "metadata": {},
          "execution_count": 60
        }
      ],
      "source": [
        "# Check for missing values\n",
        "train_p2.isnull().sum()"
      ]
    },
    {
      "cell_type": "code",
      "execution_count": 61,
      "metadata": {
        "id": "Ocj42DksDcry"
      },
      "outputs": [],
      "source": [
        "# Drop the Null value\n",
        "train_p2.dropna(axis=1, inplace=True)"
      ]
    },
    {
      "cell_type": "code",
      "execution_count": 62,
      "metadata": {
        "colab": {
          "base_uri": "https://localhost:8080/"
        },
        "id": "s7f7gyGTDcry",
        "outputId": "ee94b99c-c3b7-421f-90ab-0b899d221bbb"
      },
      "outputs": [
        {
          "output_type": "stream",
          "name": "stdout",
          "text": [
            "<class 'pandas.core.frame.DataFrame'>\n",
            "RangeIndex: 1000 entries, 0 to 999\n",
            "Data columns (total 20 columns):\n",
            " #   Column  Non-Null Count  Dtype  \n",
            "---  ------  --------------  -----  \n",
            " 0   F1      1000 non-null   float64\n",
            " 1   F2      1000 non-null   float64\n",
            " 2   F3      1000 non-null   float64\n",
            " 3   F4      1000 non-null   float64\n",
            " 4   F5      1000 non-null   float64\n",
            " 5   F6      1000 non-null   float64\n",
            " 6   F7      1000 non-null   float64\n",
            " 7   F8      1000 non-null   float64\n",
            " 8   F9      1000 non-null   float64\n",
            " 9   F10     1000 non-null   float64\n",
            " 10  F11     1000 non-null   float64\n",
            " 11  F12     1000 non-null   float64\n",
            " 12  F13     1000 non-null   int64  \n",
            " 13  F14     1000 non-null   float64\n",
            " 14  F15     1000 non-null   float64\n",
            " 15  F16     1000 non-null   int64  \n",
            " 16  F17     1000 non-null   float64\n",
            " 17  F18     1000 non-null   float64\n",
            " 18  F19     1000 non-null   float64\n",
            " 19  Class   1000 non-null   bool   \n",
            "dtypes: bool(1), float64(17), int64(2)\n",
            "memory usage: 149.5 KB\n"
          ]
        }
      ],
      "source": [
        "train_p2.info()"
      ]
    },
    {
      "cell_type": "code",
      "execution_count": 63,
      "metadata": {
        "id": "QIZZ4_vJDcrz"
      },
      "outputs": [],
      "source": [
        "# Split the train and test data\n",
        "train_feature= train_p2.drop('Class', axis=1)\n",
        "train_outcome = train_p2['Class']\n",
        "X_train, X_test, y_train, y_test = train_test_split(train_feature, train_outcome, test_size=0.2, random_state=42)"
      ]
    },
    {
      "cell_type": "code",
      "execution_count": 64,
      "metadata": {
        "colab": {
          "base_uri": "https://localhost:8080/",
          "height": 709
        },
        "id": "KT9r_AhbDcrz",
        "outputId": "3222fe7e-2a78-4fc4-ae51-645f384ac0a9"
      },
      "outputs": [
        {
          "output_type": "execute_result",
          "data": {
            "text/plain": [
              "           F1        F2        F3        F4        F5        F6        F7  \\\n",
              "F1   1.000000  0.043121 -0.070234 -0.032705 -0.015329  0.050582 -0.059413   \n",
              "F2   0.043121  1.000000 -0.040642 -0.039438  0.003312  0.037528 -0.003992   \n",
              "F3  -0.070234 -0.040642  1.000000  0.020058  0.003345  0.060880  0.052302   \n",
              "F4  -0.032705 -0.039438  0.020058  1.000000  0.029807  0.002052  0.014594   \n",
              "F5  -0.015329  0.003312  0.003345  0.029807  1.000000  0.014832  0.009438   \n",
              "F6   0.050582  0.037528  0.060880  0.002052  0.014832  1.000000  0.031391   \n",
              "F7  -0.059413 -0.003992  0.052302  0.014594  0.009438  0.031391  1.000000   \n",
              "F8   0.068430 -0.042789  0.022825  0.045470 -0.011183  0.041041  0.005760   \n",
              "F9   0.034931 -0.004537 -0.011350 -0.037730  0.018811  0.044801  0.000484   \n",
              "F10 -0.006690 -0.003282 -0.047216 -0.049583  0.287894 -0.296979 -0.122382   \n",
              "F11 -0.026298  0.005135  0.064833  0.036955  0.023085 -0.000216  0.028827   \n",
              "F12  0.011520 -0.000217 -0.027001 -0.002111 -0.001481  0.063753 -0.236772   \n",
              "F13  0.037785 -0.057095 -0.085860 -0.017144 -0.021865 -0.021028  0.003971   \n",
              "F14  0.026723 -0.014168 -0.020582  0.019288 -0.092579  0.021133  0.006606   \n",
              "F15 -0.075142  0.026755  0.011213  0.008111  0.040049 -0.018169 -0.007325   \n",
              "F16 -0.014457  0.013230  0.016127  0.014355  0.043066 -0.036978 -0.011496   \n",
              "F17  0.000293  0.004320  0.042076  0.020761 -0.008624  0.254483  0.010592   \n",
              "F18  0.007035 -0.228368  0.026561 -0.033486  0.014486 -0.040083  0.006837   \n",
              "F19  0.035314  0.014276 -0.012625  0.049179  0.018222  0.020361 -0.003868   \n",
              "\n",
              "           F8        F9       F10       F11       F12       F13       F14  \\\n",
              "F1   0.068430  0.034931 -0.006690 -0.026298  0.011520  0.037785  0.026723   \n",
              "F2  -0.042789 -0.004537 -0.003282  0.005135 -0.000217 -0.057095 -0.014168   \n",
              "F3   0.022825 -0.011350 -0.047216  0.064833 -0.027001 -0.085860 -0.020582   \n",
              "F4   0.045470 -0.037730 -0.049583  0.036955 -0.002111 -0.017144  0.019288   \n",
              "F5  -0.011183  0.018811  0.287894  0.023085 -0.001481 -0.021865 -0.092579   \n",
              "F6   0.041041  0.044801 -0.296979 -0.000216  0.063753 -0.021028  0.021133   \n",
              "F7   0.005760  0.000484 -0.122382  0.028827 -0.236772  0.003971  0.006606   \n",
              "F8   1.000000  0.213338 -0.042462 -0.048212  0.027008  0.052393  0.037891   \n",
              "F9   0.213338  1.000000  0.123040 -0.007732  0.033943  0.050463  0.012279   \n",
              "F10 -0.042462  0.123040  1.000000  0.004553 -0.006406 -0.006131 -0.016463   \n",
              "F11 -0.048212 -0.007732  0.004553  1.000000 -0.041286 -0.036053 -0.031134   \n",
              "F12  0.027008  0.033943 -0.006406 -0.041286  1.000000 -0.091842 -0.045806   \n",
              "F13  0.052393  0.050463 -0.006131 -0.036053 -0.091842  1.000000 -0.036658   \n",
              "F14  0.037891  0.012279 -0.016463 -0.031134 -0.045806 -0.036658  1.000000   \n",
              "F15  0.009086  0.004519  0.043781  0.013948  0.001082 -0.005987 -0.043627   \n",
              "F16 -0.000995 -0.018403 -0.019447  0.030457 -0.012867  0.023503  0.033731   \n",
              "F17 -0.000167  0.238497 -0.029493  0.262439  0.037088  0.005478  0.191022   \n",
              "F18 -0.055473  0.022679 -0.042754 -0.011339  0.053769 -0.006359 -0.010368   \n",
              "F19  0.042713 -0.012361 -0.001953  0.074935 -0.020217  0.019388  0.018965   \n",
              "\n",
              "          F15       F16       F17       F18       F19  \n",
              "F1  -0.075142 -0.014457  0.000293  0.007035  0.035314  \n",
              "F2   0.026755  0.013230  0.004320 -0.228368  0.014276  \n",
              "F3   0.011213  0.016127  0.042076  0.026561 -0.012625  \n",
              "F4   0.008111  0.014355  0.020761 -0.033486  0.049179  \n",
              "F5   0.040049  0.043066 -0.008624  0.014486  0.018222  \n",
              "F6  -0.018169 -0.036978  0.254483 -0.040083  0.020361  \n",
              "F7  -0.007325 -0.011496  0.010592  0.006837 -0.003868  \n",
              "F8   0.009086 -0.000995 -0.000167 -0.055473  0.042713  \n",
              "F9   0.004519 -0.018403  0.238497  0.022679 -0.012361  \n",
              "F10  0.043781 -0.019447 -0.029493 -0.042754 -0.001953  \n",
              "F11  0.013948  0.030457  0.262439 -0.011339  0.074935  \n",
              "F12  0.001082 -0.012867  0.037088  0.053769 -0.020217  \n",
              "F13 -0.005987  0.023503  0.005478 -0.006359  0.019388  \n",
              "F14 -0.043627  0.033731  0.191022 -0.010368  0.018965  \n",
              "F15  1.000000  0.040851  0.005228 -0.044135 -0.006362  \n",
              "F16  0.040851  1.000000 -0.002559 -0.010850  0.007382  \n",
              "F17  0.005228 -0.002559  1.000000 -0.010158 -0.024747  \n",
              "F18 -0.044135 -0.010850 -0.010158  1.000000 -0.005679  \n",
              "F19 -0.006362  0.007382 -0.024747 -0.005679  1.000000  "
            ],
            "text/html": [
              "\n",
              "  <div id=\"df-6578b5b8-c92a-4d12-b68c-8875ab579b27\">\n",
              "    <div class=\"colab-df-container\">\n",
              "      <div>\n",
              "<style scoped>\n",
              "    .dataframe tbody tr th:only-of-type {\n",
              "        vertical-align: middle;\n",
              "    }\n",
              "\n",
              "    .dataframe tbody tr th {\n",
              "        vertical-align: top;\n",
              "    }\n",
              "\n",
              "    .dataframe thead th {\n",
              "        text-align: right;\n",
              "    }\n",
              "</style>\n",
              "<table border=\"1\" class=\"dataframe\">\n",
              "  <thead>\n",
              "    <tr style=\"text-align: right;\">\n",
              "      <th></th>\n",
              "      <th>F1</th>\n",
              "      <th>F2</th>\n",
              "      <th>F3</th>\n",
              "      <th>F4</th>\n",
              "      <th>F5</th>\n",
              "      <th>F6</th>\n",
              "      <th>F7</th>\n",
              "      <th>F8</th>\n",
              "      <th>F9</th>\n",
              "      <th>F10</th>\n",
              "      <th>F11</th>\n",
              "      <th>F12</th>\n",
              "      <th>F13</th>\n",
              "      <th>F14</th>\n",
              "      <th>F15</th>\n",
              "      <th>F16</th>\n",
              "      <th>F17</th>\n",
              "      <th>F18</th>\n",
              "      <th>F19</th>\n",
              "    </tr>\n",
              "  </thead>\n",
              "  <tbody>\n",
              "    <tr>\n",
              "      <th>F1</th>\n",
              "      <td>1.000000</td>\n",
              "      <td>0.043121</td>\n",
              "      <td>-0.070234</td>\n",
              "      <td>-0.032705</td>\n",
              "      <td>-0.015329</td>\n",
              "      <td>0.050582</td>\n",
              "      <td>-0.059413</td>\n",
              "      <td>0.068430</td>\n",
              "      <td>0.034931</td>\n",
              "      <td>-0.006690</td>\n",
              "      <td>-0.026298</td>\n",
              "      <td>0.011520</td>\n",
              "      <td>0.037785</td>\n",
              "      <td>0.026723</td>\n",
              "      <td>-0.075142</td>\n",
              "      <td>-0.014457</td>\n",
              "      <td>0.000293</td>\n",
              "      <td>0.007035</td>\n",
              "      <td>0.035314</td>\n",
              "    </tr>\n",
              "    <tr>\n",
              "      <th>F2</th>\n",
              "      <td>0.043121</td>\n",
              "      <td>1.000000</td>\n",
              "      <td>-0.040642</td>\n",
              "      <td>-0.039438</td>\n",
              "      <td>0.003312</td>\n",
              "      <td>0.037528</td>\n",
              "      <td>-0.003992</td>\n",
              "      <td>-0.042789</td>\n",
              "      <td>-0.004537</td>\n",
              "      <td>-0.003282</td>\n",
              "      <td>0.005135</td>\n",
              "      <td>-0.000217</td>\n",
              "      <td>-0.057095</td>\n",
              "      <td>-0.014168</td>\n",
              "      <td>0.026755</td>\n",
              "      <td>0.013230</td>\n",
              "      <td>0.004320</td>\n",
              "      <td>-0.228368</td>\n",
              "      <td>0.014276</td>\n",
              "    </tr>\n",
              "    <tr>\n",
              "      <th>F3</th>\n",
              "      <td>-0.070234</td>\n",
              "      <td>-0.040642</td>\n",
              "      <td>1.000000</td>\n",
              "      <td>0.020058</td>\n",
              "      <td>0.003345</td>\n",
              "      <td>0.060880</td>\n",
              "      <td>0.052302</td>\n",
              "      <td>0.022825</td>\n",
              "      <td>-0.011350</td>\n",
              "      <td>-0.047216</td>\n",
              "      <td>0.064833</td>\n",
              "      <td>-0.027001</td>\n",
              "      <td>-0.085860</td>\n",
              "      <td>-0.020582</td>\n",
              "      <td>0.011213</td>\n",
              "      <td>0.016127</td>\n",
              "      <td>0.042076</td>\n",
              "      <td>0.026561</td>\n",
              "      <td>-0.012625</td>\n",
              "    </tr>\n",
              "    <tr>\n",
              "      <th>F4</th>\n",
              "      <td>-0.032705</td>\n",
              "      <td>-0.039438</td>\n",
              "      <td>0.020058</td>\n",
              "      <td>1.000000</td>\n",
              "      <td>0.029807</td>\n",
              "      <td>0.002052</td>\n",
              "      <td>0.014594</td>\n",
              "      <td>0.045470</td>\n",
              "      <td>-0.037730</td>\n",
              "      <td>-0.049583</td>\n",
              "      <td>0.036955</td>\n",
              "      <td>-0.002111</td>\n",
              "      <td>-0.017144</td>\n",
              "      <td>0.019288</td>\n",
              "      <td>0.008111</td>\n",
              "      <td>0.014355</td>\n",
              "      <td>0.020761</td>\n",
              "      <td>-0.033486</td>\n",
              "      <td>0.049179</td>\n",
              "    </tr>\n",
              "    <tr>\n",
              "      <th>F5</th>\n",
              "      <td>-0.015329</td>\n",
              "      <td>0.003312</td>\n",
              "      <td>0.003345</td>\n",
              "      <td>0.029807</td>\n",
              "      <td>1.000000</td>\n",
              "      <td>0.014832</td>\n",
              "      <td>0.009438</td>\n",
              "      <td>-0.011183</td>\n",
              "      <td>0.018811</td>\n",
              "      <td>0.287894</td>\n",
              "      <td>0.023085</td>\n",
              "      <td>-0.001481</td>\n",
              "      <td>-0.021865</td>\n",
              "      <td>-0.092579</td>\n",
              "      <td>0.040049</td>\n",
              "      <td>0.043066</td>\n",
              "      <td>-0.008624</td>\n",
              "      <td>0.014486</td>\n",
              "      <td>0.018222</td>\n",
              "    </tr>\n",
              "    <tr>\n",
              "      <th>F6</th>\n",
              "      <td>0.050582</td>\n",
              "      <td>0.037528</td>\n",
              "      <td>0.060880</td>\n",
              "      <td>0.002052</td>\n",
              "      <td>0.014832</td>\n",
              "      <td>1.000000</td>\n",
              "      <td>0.031391</td>\n",
              "      <td>0.041041</td>\n",
              "      <td>0.044801</td>\n",
              "      <td>-0.296979</td>\n",
              "      <td>-0.000216</td>\n",
              "      <td>0.063753</td>\n",
              "      <td>-0.021028</td>\n",
              "      <td>0.021133</td>\n",
              "      <td>-0.018169</td>\n",
              "      <td>-0.036978</td>\n",
              "      <td>0.254483</td>\n",
              "      <td>-0.040083</td>\n",
              "      <td>0.020361</td>\n",
              "    </tr>\n",
              "    <tr>\n",
              "      <th>F7</th>\n",
              "      <td>-0.059413</td>\n",
              "      <td>-0.003992</td>\n",
              "      <td>0.052302</td>\n",
              "      <td>0.014594</td>\n",
              "      <td>0.009438</td>\n",
              "      <td>0.031391</td>\n",
              "      <td>1.000000</td>\n",
              "      <td>0.005760</td>\n",
              "      <td>0.000484</td>\n",
              "      <td>-0.122382</td>\n",
              "      <td>0.028827</td>\n",
              "      <td>-0.236772</td>\n",
              "      <td>0.003971</td>\n",
              "      <td>0.006606</td>\n",
              "      <td>-0.007325</td>\n",
              "      <td>-0.011496</td>\n",
              "      <td>0.010592</td>\n",
              "      <td>0.006837</td>\n",
              "      <td>-0.003868</td>\n",
              "    </tr>\n",
              "    <tr>\n",
              "      <th>F8</th>\n",
              "      <td>0.068430</td>\n",
              "      <td>-0.042789</td>\n",
              "      <td>0.022825</td>\n",
              "      <td>0.045470</td>\n",
              "      <td>-0.011183</td>\n",
              "      <td>0.041041</td>\n",
              "      <td>0.005760</td>\n",
              "      <td>1.000000</td>\n",
              "      <td>0.213338</td>\n",
              "      <td>-0.042462</td>\n",
              "      <td>-0.048212</td>\n",
              "      <td>0.027008</td>\n",
              "      <td>0.052393</td>\n",
              "      <td>0.037891</td>\n",
              "      <td>0.009086</td>\n",
              "      <td>-0.000995</td>\n",
              "      <td>-0.000167</td>\n",
              "      <td>-0.055473</td>\n",
              "      <td>0.042713</td>\n",
              "    </tr>\n",
              "    <tr>\n",
              "      <th>F9</th>\n",
              "      <td>0.034931</td>\n",
              "      <td>-0.004537</td>\n",
              "      <td>-0.011350</td>\n",
              "      <td>-0.037730</td>\n",
              "      <td>0.018811</td>\n",
              "      <td>0.044801</td>\n",
              "      <td>0.000484</td>\n",
              "      <td>0.213338</td>\n",
              "      <td>1.000000</td>\n",
              "      <td>0.123040</td>\n",
              "      <td>-0.007732</td>\n",
              "      <td>0.033943</td>\n",
              "      <td>0.050463</td>\n",
              "      <td>0.012279</td>\n",
              "      <td>0.004519</td>\n",
              "      <td>-0.018403</td>\n",
              "      <td>0.238497</td>\n",
              "      <td>0.022679</td>\n",
              "      <td>-0.012361</td>\n",
              "    </tr>\n",
              "    <tr>\n",
              "      <th>F10</th>\n",
              "      <td>-0.006690</td>\n",
              "      <td>-0.003282</td>\n",
              "      <td>-0.047216</td>\n",
              "      <td>-0.049583</td>\n",
              "      <td>0.287894</td>\n",
              "      <td>-0.296979</td>\n",
              "      <td>-0.122382</td>\n",
              "      <td>-0.042462</td>\n",
              "      <td>0.123040</td>\n",
              "      <td>1.000000</td>\n",
              "      <td>0.004553</td>\n",
              "      <td>-0.006406</td>\n",
              "      <td>-0.006131</td>\n",
              "      <td>-0.016463</td>\n",
              "      <td>0.043781</td>\n",
              "      <td>-0.019447</td>\n",
              "      <td>-0.029493</td>\n",
              "      <td>-0.042754</td>\n",
              "      <td>-0.001953</td>\n",
              "    </tr>\n",
              "    <tr>\n",
              "      <th>F11</th>\n",
              "      <td>-0.026298</td>\n",
              "      <td>0.005135</td>\n",
              "      <td>0.064833</td>\n",
              "      <td>0.036955</td>\n",
              "      <td>0.023085</td>\n",
              "      <td>-0.000216</td>\n",
              "      <td>0.028827</td>\n",
              "      <td>-0.048212</td>\n",
              "      <td>-0.007732</td>\n",
              "      <td>0.004553</td>\n",
              "      <td>1.000000</td>\n",
              "      <td>-0.041286</td>\n",
              "      <td>-0.036053</td>\n",
              "      <td>-0.031134</td>\n",
              "      <td>0.013948</td>\n",
              "      <td>0.030457</td>\n",
              "      <td>0.262439</td>\n",
              "      <td>-0.011339</td>\n",
              "      <td>0.074935</td>\n",
              "    </tr>\n",
              "    <tr>\n",
              "      <th>F12</th>\n",
              "      <td>0.011520</td>\n",
              "      <td>-0.000217</td>\n",
              "      <td>-0.027001</td>\n",
              "      <td>-0.002111</td>\n",
              "      <td>-0.001481</td>\n",
              "      <td>0.063753</td>\n",
              "      <td>-0.236772</td>\n",
              "      <td>0.027008</td>\n",
              "      <td>0.033943</td>\n",
              "      <td>-0.006406</td>\n",
              "      <td>-0.041286</td>\n",
              "      <td>1.000000</td>\n",
              "      <td>-0.091842</td>\n",
              "      <td>-0.045806</td>\n",
              "      <td>0.001082</td>\n",
              "      <td>-0.012867</td>\n",
              "      <td>0.037088</td>\n",
              "      <td>0.053769</td>\n",
              "      <td>-0.020217</td>\n",
              "    </tr>\n",
              "    <tr>\n",
              "      <th>F13</th>\n",
              "      <td>0.037785</td>\n",
              "      <td>-0.057095</td>\n",
              "      <td>-0.085860</td>\n",
              "      <td>-0.017144</td>\n",
              "      <td>-0.021865</td>\n",
              "      <td>-0.021028</td>\n",
              "      <td>0.003971</td>\n",
              "      <td>0.052393</td>\n",
              "      <td>0.050463</td>\n",
              "      <td>-0.006131</td>\n",
              "      <td>-0.036053</td>\n",
              "      <td>-0.091842</td>\n",
              "      <td>1.000000</td>\n",
              "      <td>-0.036658</td>\n",
              "      <td>-0.005987</td>\n",
              "      <td>0.023503</td>\n",
              "      <td>0.005478</td>\n",
              "      <td>-0.006359</td>\n",
              "      <td>0.019388</td>\n",
              "    </tr>\n",
              "    <tr>\n",
              "      <th>F14</th>\n",
              "      <td>0.026723</td>\n",
              "      <td>-0.014168</td>\n",
              "      <td>-0.020582</td>\n",
              "      <td>0.019288</td>\n",
              "      <td>-0.092579</td>\n",
              "      <td>0.021133</td>\n",
              "      <td>0.006606</td>\n",
              "      <td>0.037891</td>\n",
              "      <td>0.012279</td>\n",
              "      <td>-0.016463</td>\n",
              "      <td>-0.031134</td>\n",
              "      <td>-0.045806</td>\n",
              "      <td>-0.036658</td>\n",
              "      <td>1.000000</td>\n",
              "      <td>-0.043627</td>\n",
              "      <td>0.033731</td>\n",
              "      <td>0.191022</td>\n",
              "      <td>-0.010368</td>\n",
              "      <td>0.018965</td>\n",
              "    </tr>\n",
              "    <tr>\n",
              "      <th>F15</th>\n",
              "      <td>-0.075142</td>\n",
              "      <td>0.026755</td>\n",
              "      <td>0.011213</td>\n",
              "      <td>0.008111</td>\n",
              "      <td>0.040049</td>\n",
              "      <td>-0.018169</td>\n",
              "      <td>-0.007325</td>\n",
              "      <td>0.009086</td>\n",
              "      <td>0.004519</td>\n",
              "      <td>0.043781</td>\n",
              "      <td>0.013948</td>\n",
              "      <td>0.001082</td>\n",
              "      <td>-0.005987</td>\n",
              "      <td>-0.043627</td>\n",
              "      <td>1.000000</td>\n",
              "      <td>0.040851</td>\n",
              "      <td>0.005228</td>\n",
              "      <td>-0.044135</td>\n",
              "      <td>-0.006362</td>\n",
              "    </tr>\n",
              "    <tr>\n",
              "      <th>F16</th>\n",
              "      <td>-0.014457</td>\n",
              "      <td>0.013230</td>\n",
              "      <td>0.016127</td>\n",
              "      <td>0.014355</td>\n",
              "      <td>0.043066</td>\n",
              "      <td>-0.036978</td>\n",
              "      <td>-0.011496</td>\n",
              "      <td>-0.000995</td>\n",
              "      <td>-0.018403</td>\n",
              "      <td>-0.019447</td>\n",
              "      <td>0.030457</td>\n",
              "      <td>-0.012867</td>\n",
              "      <td>0.023503</td>\n",
              "      <td>0.033731</td>\n",
              "      <td>0.040851</td>\n",
              "      <td>1.000000</td>\n",
              "      <td>-0.002559</td>\n",
              "      <td>-0.010850</td>\n",
              "      <td>0.007382</td>\n",
              "    </tr>\n",
              "    <tr>\n",
              "      <th>F17</th>\n",
              "      <td>0.000293</td>\n",
              "      <td>0.004320</td>\n",
              "      <td>0.042076</td>\n",
              "      <td>0.020761</td>\n",
              "      <td>-0.008624</td>\n",
              "      <td>0.254483</td>\n",
              "      <td>0.010592</td>\n",
              "      <td>-0.000167</td>\n",
              "      <td>0.238497</td>\n",
              "      <td>-0.029493</td>\n",
              "      <td>0.262439</td>\n",
              "      <td>0.037088</td>\n",
              "      <td>0.005478</td>\n",
              "      <td>0.191022</td>\n",
              "      <td>0.005228</td>\n",
              "      <td>-0.002559</td>\n",
              "      <td>1.000000</td>\n",
              "      <td>-0.010158</td>\n",
              "      <td>-0.024747</td>\n",
              "    </tr>\n",
              "    <tr>\n",
              "      <th>F18</th>\n",
              "      <td>0.007035</td>\n",
              "      <td>-0.228368</td>\n",
              "      <td>0.026561</td>\n",
              "      <td>-0.033486</td>\n",
              "      <td>0.014486</td>\n",
              "      <td>-0.040083</td>\n",
              "      <td>0.006837</td>\n",
              "      <td>-0.055473</td>\n",
              "      <td>0.022679</td>\n",
              "      <td>-0.042754</td>\n",
              "      <td>-0.011339</td>\n",
              "      <td>0.053769</td>\n",
              "      <td>-0.006359</td>\n",
              "      <td>-0.010368</td>\n",
              "      <td>-0.044135</td>\n",
              "      <td>-0.010850</td>\n",
              "      <td>-0.010158</td>\n",
              "      <td>1.000000</td>\n",
              "      <td>-0.005679</td>\n",
              "    </tr>\n",
              "    <tr>\n",
              "      <th>F19</th>\n",
              "      <td>0.035314</td>\n",
              "      <td>0.014276</td>\n",
              "      <td>-0.012625</td>\n",
              "      <td>0.049179</td>\n",
              "      <td>0.018222</td>\n",
              "      <td>0.020361</td>\n",
              "      <td>-0.003868</td>\n",
              "      <td>0.042713</td>\n",
              "      <td>-0.012361</td>\n",
              "      <td>-0.001953</td>\n",
              "      <td>0.074935</td>\n",
              "      <td>-0.020217</td>\n",
              "      <td>0.019388</td>\n",
              "      <td>0.018965</td>\n",
              "      <td>-0.006362</td>\n",
              "      <td>0.007382</td>\n",
              "      <td>-0.024747</td>\n",
              "      <td>-0.005679</td>\n",
              "      <td>1.000000</td>\n",
              "    </tr>\n",
              "  </tbody>\n",
              "</table>\n",
              "</div>\n",
              "      <button class=\"colab-df-convert\" onclick=\"convertToInteractive('df-6578b5b8-c92a-4d12-b68c-8875ab579b27')\"\n",
              "              title=\"Convert this dataframe to an interactive table.\"\n",
              "              style=\"display:none;\">\n",
              "        \n",
              "  <svg xmlns=\"http://www.w3.org/2000/svg\" height=\"24px\"viewBox=\"0 0 24 24\"\n",
              "       width=\"24px\">\n",
              "    <path d=\"M0 0h24v24H0V0z\" fill=\"none\"/>\n",
              "    <path d=\"M18.56 5.44l.94 2.06.94-2.06 2.06-.94-2.06-.94-.94-2.06-.94 2.06-2.06.94zm-11 1L8.5 8.5l.94-2.06 2.06-.94-2.06-.94L8.5 2.5l-.94 2.06-2.06.94zm10 10l.94 2.06.94-2.06 2.06-.94-2.06-.94-.94-2.06-.94 2.06-2.06.94z\"/><path d=\"M17.41 7.96l-1.37-1.37c-.4-.4-.92-.59-1.43-.59-.52 0-1.04.2-1.43.59L10.3 9.45l-7.72 7.72c-.78.78-.78 2.05 0 2.83L4 21.41c.39.39.9.59 1.41.59.51 0 1.02-.2 1.41-.59l7.78-7.78 2.81-2.81c.8-.78.8-2.07 0-2.86zM5.41 20L4 18.59l7.72-7.72 1.47 1.35L5.41 20z\"/>\n",
              "  </svg>\n",
              "      </button>\n",
              "      \n",
              "  <style>\n",
              "    .colab-df-container {\n",
              "      display:flex;\n",
              "      flex-wrap:wrap;\n",
              "      gap: 12px;\n",
              "    }\n",
              "\n",
              "    .colab-df-convert {\n",
              "      background-color: #E8F0FE;\n",
              "      border: none;\n",
              "      border-radius: 50%;\n",
              "      cursor: pointer;\n",
              "      display: none;\n",
              "      fill: #1967D2;\n",
              "      height: 32px;\n",
              "      padding: 0 0 0 0;\n",
              "      width: 32px;\n",
              "    }\n",
              "\n",
              "    .colab-df-convert:hover {\n",
              "      background-color: #E2EBFA;\n",
              "      box-shadow: 0px 1px 2px rgba(60, 64, 67, 0.3), 0px 1px 3px 1px rgba(60, 64, 67, 0.15);\n",
              "      fill: #174EA6;\n",
              "    }\n",
              "\n",
              "    [theme=dark] .colab-df-convert {\n",
              "      background-color: #3B4455;\n",
              "      fill: #D2E3FC;\n",
              "    }\n",
              "\n",
              "    [theme=dark] .colab-df-convert:hover {\n",
              "      background-color: #434B5C;\n",
              "      box-shadow: 0px 1px 3px 1px rgba(0, 0, 0, 0.15);\n",
              "      filter: drop-shadow(0px 1px 2px rgba(0, 0, 0, 0.3));\n",
              "      fill: #FFFFFF;\n",
              "    }\n",
              "  </style>\n",
              "\n",
              "      <script>\n",
              "        const buttonEl =\n",
              "          document.querySelector('#df-6578b5b8-c92a-4d12-b68c-8875ab579b27 button.colab-df-convert');\n",
              "        buttonEl.style.display =\n",
              "          google.colab.kernel.accessAllowed ? 'block' : 'none';\n",
              "\n",
              "        async function convertToInteractive(key) {\n",
              "          const element = document.querySelector('#df-6578b5b8-c92a-4d12-b68c-8875ab579b27');\n",
              "          const dataTable =\n",
              "            await google.colab.kernel.invokeFunction('convertToInteractive',\n",
              "                                                     [key], {});\n",
              "          if (!dataTable) return;\n",
              "\n",
              "          const docLinkHtml = 'Like what you see? Visit the ' +\n",
              "            '<a target=\"_blank\" href=https://colab.research.google.com/notebooks/data_table.ipynb>data table notebook</a>'\n",
              "            + ' to learn more about interactive tables.';\n",
              "          element.innerHTML = '';\n",
              "          dataTable['output_type'] = 'display_data';\n",
              "          await google.colab.output.renderOutput(dataTable, element);\n",
              "          const docLink = document.createElement('div');\n",
              "          docLink.innerHTML = docLinkHtml;\n",
              "          element.appendChild(docLink);\n",
              "        }\n",
              "      </script>\n",
              "    </div>\n",
              "  </div>\n",
              "  "
            ]
          },
          "metadata": {},
          "execution_count": 64
        }
      ],
      "source": [
        "# Create a correlation matrix\n",
        "train_corr = train_feature.corr()\n",
        "train_corr"
      ]
    },
    {
      "cell_type": "code",
      "execution_count": 65,
      "metadata": {
        "colab": {
          "base_uri": "https://localhost:8080/",
          "height": 521
        },
        "id": "mSgAFA9dDcr0",
        "outputId": "661049d3-e79c-4172-a5f8-360b45eaf7b4"
      },
      "outputs": [
        {
          "output_type": "execute_result",
          "data": {
            "text/plain": [
              "<Axes: >"
            ]
          },
          "metadata": {},
          "execution_count": 65
        },
        {
          "output_type": "display_data",
          "data": {
            "text/plain": [
              "<Figure size 1800x1200 with 2 Axes>"
            ],
